0 0 07/30/2013 9 23 2
205 1313 08/28/2013 9 41 58
205 1314 08/28/2013 9 42 14
205 1314 08/28/2013 9 46 6
205 1313 08/28/2013 9 46 13
205 1313 08/28/2013 11 2 33
205 1313 08/28/2013 11 9 21
205 1313 08/28/2013 11 9 55
205 1313 08/28/2013 11 13 38
205 1313 08/28/2013 11 14 58
205 1314 08/28/2013 11 15 7
205 1313 08/28/2013 11 15 11
205 1313 08/28/2013 11 16 10
205 1312 08/28/2013 11 16 16
205 1313 08/28/2013 11 16 20
205 1313 08/28/2013 11 16 44
205 1313 08/28/2013 11 18 29
205 1313 08/28/2013 11 38 54
205 1313 08/28/2013 11 41 32
205 1314 08/28/2013 11 41 38
205 1313 08/28/2013 11 41 50
205 1313 08/28/2013 11 42 27
205 1313 08/28/2013 11 42 39
205 1313 08/28/2013 11 47 55
205 13123 08/28/2013 11 47 59
205 1313 10/12/2015 13 33 38
205 1313 10/12/2015 13 37 57
205 1313 10/12/2015 13 58 48
205 1313 10/12/2015 14 0 30
205 1313 10/13/2015 5 37 19
205 1313 10/13/2015 5 40 10
205 1313 10/13/2015 5 42 0
205 1313 10/13/2015 5 46 25
205 1313 10/13/2015 6 33 14
205 1313 10/13/2015 6 35 32
205 1313 10/13/2015 6 39 57
205 1313 10/13/2015 6 44 7
205 1313 10/13/2015 6 45 32
205 1313 10/13/2015 13 59 41
205 1313 10/13/2015 14 2 23
205 1313 10/13/2015 14 8 42
205 1313 10/13/2015 14 29 27
205 1313 10/13/2015 14 41 44
205 1313 10/15/2015 6 33 21
205 1313 10/16/2015 10 43 47
205 1313 10/16/2015 11 5 52
205 1313 10/16/2015 11 9 17
205 1313 10/16/2015 11 11 6
205 1313 10/16/2015 11 13 34
205 1313 10/16/2015 11 16 31
205 1313 10/16/2015 11 45 7
205 1313 10/16/2015 11 49 20
205 1313 10/16/2015 11 50 30
205 1313 10/16/2015 11 51 39
205 1313 10/16/2015 11 53 58
205 1616 10/16/2015 12 5 0
205 1313 10/16/2015 12 5 6
205 1313 10/16/2015 12 14 48
205 1313 10/16/2015 12 16 2
205 1313 10/16/2015 12 18 47
205 1313 10/16/2015 12 20 27
205 1313 10/16/2015 12 38 14
205 1313 10/16/2015 12 42 18
205 1313 10/16/2015 12 59 40
205 1313 10/16/2015 13 2 58
205 1313 10/16/2015 13 6 46
205 1313 10/16/2015 13 9 18
205 1313 10/16/2015 13 16 5
205 1313 10/16/2015 13 22 6
205 1313 10/16/2015 13 23 36
205 1313 10/16/2015 13 33 5
205 1313 10/16/2015 13 39 11
205 1313 10/16/2015 13 44 28
205 1313 10/16/2015 13 54 19
205 1313 10/16/2015 14 9 47
205 1313 10/16/2015 14 11 0
205 1313 10/16/2015 14 23 40
205 1313 10/16/2015 14 30 16
205 1313 10/16/2015 14 32 23
205 1313 10/16/2015 14 33 58
205 1313 10/16/2015 17 20 36
205 1313 10/16/2015 17 24 50
205 1313 10/16/2015 18 6 59
205 1313 10/16/2015 18 8 2
205 1313 10/16/2015 18 9 17
205 1313 10/17/2015 20 19 11
205 1313 10/17/2015 20 22 23
205 1313 10/17/2015 20 23 46
205 1313 10/17/2015 20 24 36
205 1313 10/18/2015 20 7 40
205 1313 10/19/2015 7 51 30
205 1313 10/19/2015 8 0 8
205 1313 10/19/2015 8 47 53
205 1313 10/19/2015 8 49 35
205 1313 10/20/2015 10 32 14
205 1313 10/20/2015 12 45 13
205 1313 10/20/2015 12 47 20
205 1313 10/21/2015 7 56 30
205 1313 10/21/2015 7 57 21
205 1313 10/21/2015 8 47 33
205 1313 10/21/2015 8 51 6
205 1313 10/21/2015 8 53 41
205 1313 10/21/2015 8 58 1
205 1313 10/21/2015 9 33 18
205 1313 10/21/2015 10 17 37
205 1313 10/21/2015 10 19 59
205 1313 10/21/2015 11 42 28
205 1313 10/21/2015 12 16 52
205 1313 10/21/2015 12 23 33
205 1313 10/21/2015 12 59 8
205 1313 10/21/2015 12 59 56
205 1313 10/21/2015 13 3 50
205 1313 10/21/2015 13 21 27
205 1313 10/21/2015 13 25 25
205 1313 10/21/2015 13 26 15
205 1313 10/21/2015 15 36 21
205 1313 10/21/2015 15 38 56
205 1313 10/21/2015 15 44 19
205 1313 10/21/2015 16 15 43
205 1313 10/21/2015 16 17 23
205 1313 10/21/2015 16 28 48
205 1313 10/22/2015 7 3 39
205 1313 10/22/2015 8 29 40
205 1313 10/22/2015 8 55 13
205 1313 10/22/2015 9 1 18
205 1313 10/22/2015 9 31 41
205 0 10/22/2015 11 12 48
205 1313 10/22/2015 11 12 55
205 1313 10/22/2015 11 49 55
205 1313 10/22/2015 11 52 7
205 131 10/22/2015 15 20 51
205 1313 10/22/2015 15 20 53
205 0 10/23/2015 8 35 18
205 1313 10/23/2015 8 35 21
205 1313 10/27/2015 12 52 20
205 1313 10/27/2015 12 58 32
205 1313 10/27/2015 13 47 33
205 1313 10/27/2015 14 52 43
205 1313 10/28/2015 11 33 37
205 1313 10/28/2015 11 39 55
205 1313 10/28/2015 11 40 9
205 1313 10/28/2015 13 18 47
205 1313 10/28/2015 13 24 25
205 1313 10/28/2015 13 27 19
205 1313 10/28/2015 13 27 40
205 1313 10/29/2015 9 47 24
205 1313 10/29/2015 9 49 26
205 1313 10/29/2015 10 13 28
205 1313 10/29/2015 10 31 10
205 1313 10/29/2015 10 35 6
205 1313 10/29/2015 10 40 37
333 99 10/29/2015 10 41 21
205 1313 10/29/2015 10 41 31
205 1313 10/29/2015 10 47 33
205 1313 10/29/2015 10 52 57
205 1313 10/29/2015 10 53 17
205 1313 10/29/2015 10 54 41
205 1313 10/29/2015 10 59 7
205 1313 10/29/2015 11 3 59
205 1313 10/29/2015 11 7 4
205 1313 10/29/2015 11 9 55
205 11 10/29/2015 11 18 50
205 1313 10/29/2015 11 18 54
205 1313 10/29/2015 11 19 56
205 1313 10/29/2015 11 20 40
205 1313 10/29/2015 11 26 41
205 1313 10/29/2015 11 27 35
205 1313 11/03/2015 8 8 28
205 1313 11/03/2015 8 13 12
205 1313 11/05/2015 16 38 46
205 1313 11/05/2015 16 42 13
205 1313 11/05/2015 16 53 47
205 1313 11/05/2015 16 59 2
205 1313 11/09/2015 10 33 1
205 1313 11/09/2015 13 10 49
205 1313 11/09/2015 13 16 22
205 1313 11/09/2015 13 54 2
1813 1813 11/09/2015 14 1 39
1813 1813 11/09/2015 14 1 54
1813 1813 11/09/2015 14 2 13
1813 1813 11/09/2015 14 4 11
1813 1813 11/09/2015 14 4 50
1813 1813 11/09/2015 14 6 5
1813 1813 11/09/2015 14 6 36
205 1313 11/09/2015 14 7 11
205 1313 11/09/2015 14 8 57
205 1313 11/09/2015 14 10 16
205 1313 11/10/2015 9 55 2
205 1313 11/12/2015 7 20 23
205 1313 11/12/2015 7 27 56
205 1313 11/12/2015 7 34 43
205 1313 11/12/2015 7 38 28
205 1313 11/12/2015 8 58 44
205 1313 11/12/2015 9 29 12
205 1313 11/18/2015 9 3 8
205 1314 11/18/2015 9 3 20
205 131333 11/18/2015 9 38 3
205 1313 11/18/2015 9 38 25
205 1313 11/18/2015 9 50 7
196 6875 11/18/2015 9 51 5
205 1313 11/18/2015 11 17 5
205 1313 11/20/2015 8 39 32
205 0 11/20/2015 8 48 3
205 1313 11/20/2015 8 48 11
205 1313 11/20/2015 8 59 5
205 1313 11/20/2015 9 0 19
890 6507 09/28/2016 20 49 14
890 6507 09/28/2016 21 13 18
205 1337 09/29/2016 17 39 51
205 1313 09/29/2016 17 40 0
890 6507 09/30/2016 7 38 19
890 65077 09/19/2017 7 54 12
890 6507 09/19/2017 7 54 20
205 1337 10/27/2017 10 43 24
205 1237 10/27/2017 10 44 5
890 6507 10/27/2017 10 44 46
890 6507 11/30/2017 14 39 27
890 6507 11/30/2017 14 41 57
890 6507 11/30/2017 14 52 10
890 6507 11/30/2017 14 52 15
890 6507 11/30/2017 15 9 9
890 6507 11/30/2017 15 9 58
890 6507 11/30/2017 15 10 48
890 6509 11/30/2017 15 10 55
